20
	10.000000 10.000000 35.000000
	100.000000 100.000000 35.000000
	200.000000 200.000000 35.000000
	210.000000 210.000000 35.000000
	1.000000 34.000000 32.000000
	193.000000 117.000000 31.000000
	136.000000 56.000000 30.000000
	12.000000 174.000000 26.000000
	174.000000 239.000000 24.000000
	98.000000 133.000000 23.000000
	212.000000 9.000000 16.000000
	14.000000 136.000000 15.000000
	172.000000 2.000000 13.000000
	98.000000 18.000000 10.000000
	107.000000 176.000000 8.000000
	151.000000 238.000000 7.000000
	216.000000 135.000000 6.000000
	24.000000 167.000000 5.000000
	107.000000 179.000000 3.000000
	233.000000 195.000000 1.000000

5
	150.000000 100.000000 1000.000000
7 1 0 0 3
	 	0.000000 28.000000
	 	1.000000 28.000000
	 	0.500000 12.000000
	40.000000 120.000000 500.000000
77 1 0 0 4
	 	1.560000 28.000000
	 	2.560000 28.000000
	 	1.000000 28.000000
	 	0.500000 12.000000
	160.000000 180.000000 200.000000
777 1 0 0 5
	 	-1.500000 28.000000
	 	-0.560000 28.000000
	 	0.000000 28.000000
	 	0.500000 28.000000
	 	0.900000 12.000000
	30.000000 220.000000 1300.000000
7777 1 0 0 6
	 	0.000000 28.000000
	 	-2.000000 28.000000
	 	-1.000000 28.000000
	 	-0.500000 28.000000
	 	1.000000 28.000000
	 	0.000000 12.000000
	20.000000 30.000000 100.000000
77777 1 0 0 7
	 	0.000000 28.000000
	 	0.450000 28.000000
	 	0.000000 28.000000
	 	0.500000 28.000000
	 	0.000000 28.000000
	 	-0.300000 28.000000
	 	0.000000 26.000000

4
	200.000000 200.000000 1.000000
 3.000000 0
	100.000000 200.000000 1.000000
 4.000000 0
	200.000000 100.000000 1.000000
 5.000000 0
	100.000000 100.000000 1.000000
 6.000000 0
